-0.8999999999999999
-0.9
-0.8999999999999999
-0.9
-0.9
-0.9
-0.8999999999999999
-0.9
-0.8999999999999999
-0.8999999999999999
-0.8999999999999999
-0.8999999999999999
-0.9
-0.8999999999999999
-0.9
-0.9000000000000001
-0.8999999999999999
-0.9000000000000001
-0.8999999999999999
-0.8999999999999999
-0.8999999999999999
-0.8999999999999999
-0.9
-0.8999999999999999
-0.9000000000000001
-0.9000000000000001
-0.9000000000000002
-0.8999999999999999
-0.8999999999999999
-0.8999999999999999
-0.9000000000000001
-0.9000000000000001
-0.9
-0.8999999999999999
-0.9000000000000001
-0.9000000000000001
-0.9000000000000001
-0.8999999999999999
-0.8999999999999999
-0.8999999999999999
-0.8999999999999999
-0.9
-0.9000000000000001
-0.8999999999999999
-0.8999999999999999
-0.8999999999999999
-0.8999999999999999
-0.9
-0.9000000000000001
-0.9
-0.9
-0.9
-0.8999999999999999
-0.9
-0.8999999999999999
-0.8999999999999999
